16200
13200
12090
11460
11100
10700
10500
9960
9620
9500
9240
9166
9110
9000
8960
8880
8875
8800
8580
8500
8400
8100
8050
7950
7800
7700
7680
7500
7420
7400
7350
7200
7155
7000
6900
6825
6800
6750
6650
6600
6550
6540
6520
6480
6450
6420
6360
6325
6300
6240
6160
6100
6060
6040
6000
5970
5850
5828
5800
5720
5600
5500
5450
5400
5320
5300
5200
5170
5150
5136
5115
5040
5000
4995
4960
4920
4900
4880
4840
4800
4770
4750
4700
4632
4600
4510
4500
4430
4400
4360
4350
4320
4300
4270
4260
4240
4160
4120
4100
4080
4040
4000
3999
3968
3960
3900
3880
3850
3816
3800
3780
3760
3750
3720
3680
3650
3640
3635
3630
3620
3600
3570
3540
3520
3510
3500
3480
3450
3420
3410
3400
3360
3350
3300
3290
3270
3264
3240
3185
3180
3150
3120
3090
3040
3012
3000
2990
2970
2910
2880
2870
2850
2800
2787
2747
2700
2680
2676
2650
2640
2610
2600
2592
2550
2500
2475
2430
2400
2360
2325
2200
2160
2145
2090
2015
2000
1950
1905
1836
1700
1650